H = [85 565 95 575 120 575 130 570;
    130 570 140 560 180 570 190 580;
    190 580 195 555 210 425 215 410;
    215 410 225 370 230 240 225 220;
    225 220 215 180 170 130 150 165;
    150 165 140 180 140 235 160 260;
    160 260 180 280 255 330 280 340;
    280 340 320 360 435 475 450 500;
    450 500 460 530 465 580 460 590;
    460 590 445 600 410 560 400 520;
    400 520 390 485 385 280 390 210;
    390 210 395 185 460 190 480 220];